TIC: 20250714-ks8-od-1.D\data.ms
KS8-OD1

Peak #	Ret Time	Type	Width	Area	Start Time	End Time	
1	1.472	BV  	0.152	   2529737575	1.144	1.844	
2	1.875	VV  	0.017	     94748184	1.844	2.019	
3	3.121	BV  	0.082	   2534735158	2.992	3.473	
4	3.523	VV  	0.068	     83413324	3.473	3.645	
5	4.697	BV  	0.104	   2498874323	4.556	5.070	
6	5.100	VB  	0.020	     91640652	5.070	5.529	
7	6.081	BV  	0.130	     49219151	5.955	6.185	
8	6.275	VV  	0.047	   2824203702	6.185	6.655	
9	6.676	VB  	0.067	    119247278	6.655	7.136	
10	7.728	BB  	0.262	    113005493	7.606	8.590	
11	9.298	BB  	0.218	    105905679	8.918	10.197	
12	10.877	BB  	0.246	    109477144	10.744	11.772	
13	16.315	BB  	0.139	     20702474	16.123	16.604	
14	17.964	BB  	0.158	     22656873	17.206	18.299	
15	19.538	BB  	0.142	     20450803	18.856	19.830	
16	21.115	BB  	0.141	     18710502	20.934	21.448	
17	25.500	BV  	0.605	     51419607	22.989	25.690	
18	25.770	VBA 	0.130	      3915720	25.690	25.941	
TIC: 20250714-ehc-1.D\data.ms
EHC-1

Peak #	Ret Time	Type	Width	Area	Start Time	End Time	
1	1.473	BV  	0.133	   2452843525	1.166	1.844	
2	1.874	VV  	0.018	     38549878	1.844	2.019	
3	3.048	BV  	0.102	   2461877443	2.927	3.419	
4	3.449	VB  	0.066	     44464987	3.419	3.878	
5	4.623	BV  	0.108	   2486876635	4.501	5.004	
6	5.025	VV  	0.016	     67706280	5.004	5.179	
7	6.271	BV  	0.080	   2523359186	6.141	6.608	
8	6.673	VV  	0.042	     88348570	6.608	6.793	
9	6.853	VV  	0.084	      6310530	6.793	6.936	
10	16.322	BB  	0.127	    871180791	15.872	17.118	
11	17.893	BB  	0.126	    826990336	17.446	18.627	
12	19.470	BB  	0.123	    844182310	19.042	20.212	
13	21.118	BB  	0.125	    811031267	20.682	21.841	
14	25.244	PV  	0.585	     48437889	23.402	25.395	
15	25.505	VV  	0.168	     11556847	25.395	25.691	
16	25.769	VBA 	0.094	      3041878	25.691	25.892	
TIC: 20250714-ehc-2.D\data.ms
EHC-2

Peak #	Ret Time	Type	Width	Area	Start Time	End Time	
1	1.472	BV  	0.134	   2464485826	1.134	1.844	
2	1.874	VV  	0.018	     63243705	1.844	2.019	
3	3.048	BV  	0.099	   2441001944	2.927	3.430	
4	3.450	VB  	0.044	     33278621	3.430	3.878	
5	4.624	BV  	0.043	   2475819744	4.501	5.004	
6	5.026	VV  	0.016	     46729729	5.004	5.179	
7	6.199	BV  	0.103	   2491551060	6.076	6.579	
8	6.601	VV  	0.016	     56351930	6.579	6.753	
9	16.309	BB  	0.129	    342311875	15.916	17.009	
10	17.880	BB  	0.129	    316875707	17.676	18.463	
11	19.458	BB  	0.133	    318738502	19.053	20.103	
12	21.032	BB  	0.127	    337252324	20.825	21.656	
13	25.240	PV  	0.380	     46925107	23.394	25.318	
14	25.524	VV  	0.188	     18798109	25.318	25.690	
15	25.771	VBA 	0.137	      4538789	25.690	25.941	
TIC: 20250714-ehc-od-1.D\data.ms
EHC-OD1

Peak #	Ret Time	Type	Width	Area	Start Time	End Time	
1	1.471	BV  	0.135	   2598939084	0.991	1.844	
2	1.875	VB  	0.020	    139043405	1.844	2.435	
3	3.047	BV  	0.105	   2519622665	2.719	3.419	
4	3.449	VB  	0.067	     72107859	3.419	3.867	
5	4.623	BV  	0.043	   2489563584	4.315	5.004	
6	5.026	VB  	0.064	     85841165	5.004	5.441	
7	6.200	BV  	0.047	   2623755007	5.715	6.578	
8	6.602	VB  	0.072	    128761401	6.578	7.387	
9	7.632	BB  	0.294	    181544420	7.387	8.896	
10	9.206	BB  	0.280	    178573895	8.918	10.493	
11	10.786	BB  	0.281	    175683080	10.503	11.979	
12	16.329	BB  	0.127	   1158104171	15.741	17.063	
13	17.902	VB  	0.125	   1157823307	17.665	18.616	
14	19.480	BB  	0.123	   1234099318	18.846	20.245	
15	21.057	VB  	0.123	   1229348980	20.835	21.721	
16	24.283	BV  	0.000	    -21963823	22.869	24.389	
TIC: 20250714-ehc-od-2.D\data.ms
EHC-OD2

Peak #	Ret Time	Type	Width	Area	Start Time	End Time	
1	1.473	BV  	0.135	   2846568974	1.177	1.844	
2	1.875	VB  	0.071	    118308935	1.844	2.544	
3	3.049	BV  	0.045	   2777901765	2.927	3.419	
4	3.450	VB  	0.070	     88807624	3.419	3.922	
5	4.624	BV  	0.048	   2785871484	4.501	5.004	
6	5.026	VB  	0.068	    137763191	5.004	5.496	
7	6.201	BV  	0.048	   2667316452	6.075	6.578	
8	6.602	VB  	0.068	    143738113	6.578	7.070	
9	25.508	BBA 	0.837	     99427403	23.011	25.936	
TIC: 20250714-ks3-100-1.D\data.ms
KS3-1/100-1

Peak #	Ret Time	Type	Width	Area	Start Time	End Time	
1	1.473	BV  	0.128	   2398765730	1.166	1.844	
2	1.874	VV  	0.020	     21971755	1.844	2.019	
3	3.048	BV  	0.102	   2461200132	2.927	3.430	
4	3.450	VV  	0.017	     33021155	3.430	3.566	
5	4.623	BV  	0.102	   2474770746	4.501	5.004	
6	5.025	VV  	0.018	     49000329	5.004	5.137	
7	5.345	VB  	0.177	     23086763	5.137	5.671	
8	6.199	BV  	0.101	   2504409426	6.075	6.578	
9	6.600	VV  	0.039	     59488456	6.578	6.716	
10	6.919	VB  	0.175	     27900945	6.716	7.245	
11	8.002	BV  	0.059	      5032525	7.748	8.054	
12	8.437	VB  	0.097	     10143300	8.371	8.721	
13	16.315	BB  	0.127	    677730276	15.850	17.052	
14	17.889	BB  	0.127	    638672295	17.468	18.627	
15	19.465	BB  	0.127	    647864312	19.031	20.168	
16	21.041	BB  	0.126	    615688880	20.628	21.776	
17	25.241	VV  	0.558	     80417296	23.400	25.690	
18	25.769	VBA 	0.106	      4183615	25.690	25.941	
TIC: 20250714-ks3-100-2.D\data.ms
KS3-1/100-2

Peak #	Ret Time	Type	Width	Area	Start Time	End Time	
1	1.472	BV  	0.076	   2523200667	1.166	1.844	
2	1.874	VV  	0.019	     77038693	1.844	2.008	
3	2.049	VV  	0.068	     11720344	2.008	2.161	
4	2.195	VB  	0.077	     11180060	2.161	2.489	
5	3.047	BV  	0.079	   2512175406	2.927	3.430	
6	3.449	VV  	0.039	     59186166	3.430	3.561	
7	3.768	VB  	0.139	     34221650	3.561	4.118	
8	4.623	BV  	0.078	   2536469022	4.501	5.004	
9	5.025	VV  	0.038	     77505537	5.004	5.136	
10	5.345	VV  	0.142	     27942323	5.136	5.453	
11	6.198	BV  	0.078	   2524091013	6.075	6.578	
12	6.600	VV  	0.038	     89347045	6.578	6.716	
13	6.918	VB  	0.153	     42951939	6.716	7.245	
14	8.002	PV  	0.054	      5961219	7.908	8.054	
15	8.219	VV  	0.138	     12938667	8.054	8.358	
16	8.440	VB  	0.088	     16787049	8.358	8.710	
17	16.310	BB  	0.133	    208393203	16.101	16.976	
18	17.884	BB  	0.131	    205293013	17.107	18.430	
19	19.459	BB  	0.135	    193141764	19.097	20.081	
20	21.034	BB  	0.132	    192315500	20.835	21.634	
21	24.467	PV  	0.268	     20591367	23.401	24.586	
22	25.238	VV  	0.385	     52523415	24.586	25.390	
23	25.503	VV  	0.165	     18166134	25.390	25.690	
24	25.764	VBA 	0.119	      4286337	25.690	25.941	
TIC: 20250714-ks3-10-1.D\data.ms
KS3-1/10-1

Peak #	Ret Time	Type	Width	Area	Start Time	End Time	
1	1.473	BV  	0.150	   2417299771	1.166	1.844	
2	1.874	VV  	0.018	     38122212	1.844	2.019	
3	3.048	BV  	0.099	   2417594679	2.927	3.419	
4	3.449	VB  	0.046	     38776166	3.419	3.878	
5	4.623	BV  	0.079	   2502228109	4.501	5.004	
6	5.026	VV  	0.016	    115504799	5.004	5.143	
7	5.347	VB  	0.180	     31697807	5.143	5.715	
8	6.199	BV  	0.079	   2511746308	6.086	6.578	
9	6.601	VV  	0.038	     93102092	6.578	6.716	
10	6.920	VB  	0.170	     33359636	6.716	7.234	
11	8.002	PV  	0.059	      5070090	7.901	8.054	
12	8.438	VB  	0.097	     10211007	8.371	8.710	
13	16.306	BB  	0.132	    213491571	15.555	16.867	
14	17.880	BB  	0.133	    206358144	17.173	18.452	
15	19.458	BB  	0.132	    172448681	19.250	20.059	
16	21.032	BB  	0.131	    188042018	20.835	21.590	
17	25.241	PV  	0.466	     48743676	23.399	25.323	
18	25.502	VV  	0.253	     16184768	25.323	25.701	
19	25.755	VBA 	0.129	      3633749	25.701	25.941	
TIC: 20250714-ks3-10-2.D\data.ms
KS3-1/10-2

Peak #	Ret Time	Type	Width	Area	Start Time	End Time	
1	1.472	BV  	0.151	   2492039776	1.155	1.844	
2	1.874	VV  	0.018	     48342968	1.844	1.994	
3	3.047	BV  	0.104	   2540565981	2.927	3.419	
4	3.450	VV  	0.018	     99982371	3.419	3.564	
5	3.770	VB  	0.193	     30630003	3.564	4.140	
6	4.623	BV  	0.104	   2544490043	4.501	5.004	
7	5.025	VV  	0.038	     85328491	5.004	5.135	
8	5.344	VB  	0.184	     34520034	5.135	5.736	
9	6.271	BV  	0.075	   2520527425	6.141	6.600	
10	6.673	VV  	0.043	     96769916	6.600	6.797	
11	6.854	VV  	0.090	     15114980	6.797	6.935	
12	6.992	VB  	0.085	     16616614	6.935	7.333	
13	8.075	VV  	0.168	     16507707	7.901	8.339	
14	8.508	VB  	0.197	     15207720	8.339	8.951	
15	16.307	BB  	0.127	    345728605	16.101	16.965	
16	17.884	BB  	0.130	    286680252	17.676	18.528	
17	19.459	BB  	0.129	    295451271	19.250	20.081	
18	21.106	BB  	0.129	    292534885	20.901	21.743	
19	25.244	PV  	0.560	     50314250	23.405	25.690	
TIC: 20250714-ks8-100-1.D\data.ms
KS8-1/100-1

Peak #	Ret Time	Type	Width	Area	Start Time	End Time	
1	1.472	BV  	0.152	   2541986092	1.134	1.844	
2	1.875	VV  	0.018	    109004796	1.844	2.019	
3	2.049	VV  	0.067	      9266867	2.019	2.141	
4	2.196	VB  	0.091	     10184158	2.141	2.522	
5	3.048	BV  	0.099	   2403327514	2.927	3.430	
6	3.449	VV  	0.038	     36894002	3.430	3.560	
7	4.622	BV  	0.080	   2544182819	4.501	4.993	
8	5.025	VV  	0.018	    116847037	4.993	5.179	
9	5.346	VB  	0.187	     28766858	5.179	5.715	
10	6.199	BV  	0.099	   2457083323	6.075	6.578	
11	6.600	VV  	0.041	     42909398	6.578	6.808	
12	6.863	VB  	0.115	     15720503	6.808	7.223	
13	16.313	BB  	0.128	    526209158	15.894	17.096	
14	17.888	BB  	0.125	    630976849	17.457	18.649	
15	19.462	BB  	0.127	    521634937	19.042	20.179	
16	21.037	BB  	0.129	    571004480	20.595	21.743	
17	25.241	BV  	0.537	     54473258	23.011	25.395	
18	25.505	VV  	0.195	     12116581	25.395	25.701	
19	25.765	VBA 	0.107	      3923296	25.701	25.941	
TIC: 20250714-ks8-100-2.D\data.ms
KS8-1/100-2

Peak #	Ret Time	Type	Width	Area	Start Time	End Time	
1	1.472	BV  	0.151	   2484574798	1.166	1.844	
2	1.874	VV  	0.018	     55181751	1.844	2.019	
3	3.120	BV  	0.075	   2486874106	3.003	3.473	
4	3.521	VV  	0.043	     75734305	3.473	3.640	
5	3.701	VB  	0.151	     22319933	3.640	4.086	
6	4.696	BV  	0.101	   2563434585	4.523	5.208	
7	5.269	VB  	0.170	     23353272	5.208	5.649	
8	6.270	BV  	0.075	   2527045923	6.152	6.600	
9	6.673	VV  	0.022	    108731336	6.600	6.786	
10	6.995	VB  	0.179	     34969191	6.786	7.387	
11	8.075	BB  	0.403	     29761344	7.967	9.016	
12	16.310	BB  	0.134	    403650363	15.888	17.178	
13	17.955	BV  	0.219	    380944588	17.550	18.709	
14	19.531	BV  	0.233	    383408213	19.124	20.349	
15	21.105	BB  	0.270	    371292704	20.896	21.901	
16	25.245	BBA 	0.693	     59827029	22.907	25.881	
TIC: 20250714-ks8-10-1.D\data.ms
KS8-1/10-1

Peak #	Ret Time	Type	Width	Area	Start Time	End Time	
1	1.472	BV  	0.151	   2497575643	1.177	1.844	
2	1.874	VV  	0.018	     79091475	1.844	2.008	
3	3.047	BV  	0.103	   2504890764	2.883	3.419	
4	3.450	VV  	0.018	     85190647	3.419	3.561	
5	3.769	VB  	0.175	     22670156	3.561	4.064	
6	4.624	BV  	0.099	   2414965751	4.501	5.004	
7	5.025	VB  	0.043	     40578701	5.004	5.452	
8	6.198	BV  	0.080	   2487684232	6.076	6.578	
9	6.601	VV  	0.017	    101489048	6.578	6.720	
10	6.775	VB  	0.183	     23327791	6.720	7.278	
11	16.317	BB  	0.124	    759550005	15.872	17.074	
12	17.891	BB  	0.125	    715408097	17.184	18.572	
13	19.465	BB  	0.127	    734085990	19.032	20.223	
14	21.037	BB  	0.123	    581020267	20.617	21.677	
15	25.155	BV  	0.581	     43309393	23.000	25.327	
16	25.507	VV  	0.201	     13232664	25.327	25.691	
17	25.769	VBA 	0.101	      3031291	25.691	25.892	
TIC: 20250714-ks8-10-2.D\data.ms
KS8-1/10-2

Peak #	Ret Time	Type	Width	Area	Start Time	End Time	
1	1.474	BV  	0.127	   2236956946	1.155	1.855	
2	1.877	VB  	0.069	     27303050	1.855	2.303	
3	3.049	BV  	0.045	   2747379172	2.927	3.419	
4	3.450	VV  	0.020	     84262457	3.419	3.594	
5	3.625	VB  	0.122	     20125549	3.594	3.976	
6	4.625	BV  	0.102	   2584223917	4.501	5.004	
7	5.026	VB  	0.072	     51943551	5.004	5.463	
8	6.201	BV  	0.106	   2594218243	6.043	6.578	
9	6.601	VV  	0.019	     63987751	6.578	6.753	
10	6.775	VB  	0.154	     16022536	6.753	7.125	
11	16.310	BB  	0.137	     43182260	16.079	16.703	
12	17.893	BB  	0.141	    159072762	17.665	18.463	
13	19.464	BB  	0.135	    194630796	19.261	20.081	
14	21.040	BB  	0.135	    196182346	20.278	21.666	
15	25.239	BV  	0.425	     39818885	23.011	25.318	
16	25.503	VV  	0.188	     14301726	25.318	25.684	
17	25.763	VBA 	0.110	      3414131	25.684	25.941	
TIC: 20250714-ks8-ks3-1.D\data.ms
KS8-KS3-1

Peak #	Ret Time	Type	Width	Area	Start Time	End Time	
1	1.472	BV  	0.128	   2542205749	1.101	1.844	
2	1.874	VV  	0.022	     52400276	1.844	2.019	
3	2.194	VB  	0.142	     17798159	2.019	2.478	
4	3.048	BV  	0.103	   2534878340	2.927	3.430	
5	3.450	VV  	0.039	     60483428	3.430	3.560	
6	3.769	VB  	0.178	     30770255	3.560	4.097	
7	4.624	BV  	0.080	   2584346461	4.501	5.004	
8	5.026	VV  	0.017	     94501491	5.004	5.135	
9	5.347	VB  	0.165	     44479517	5.135	5.726	
10	6.200	BV  	0.103	   2703654068	5.955	6.578	
11	6.601	VV  	0.042	     74030550	6.578	6.716	
12	6.915	VB  	0.216	     59219040	6.716	7.344	
13	7.660	BV  	0.198	    115234047	7.344	7.941	
14	7.999	VV  	0.213	     60767324	7.941	8.371	
15	8.437	VB  	0.148	     31330438	8.371	9.006	
16	9.236	BV  	0.239	    149584899	9.017	9.946	
17	10.806	BV  	0.234	    144091206	10.482	11.531	
18	16.313	BB  	0.142	     43068364	16.101	16.714	
19	17.891	BB  	0.142	     39383127	17.654	18.255	
20	19.470	BB  	0.141	     38490452	19.283	19.884	
21	21.042	BB  	0.144	     41771589	20.857	21.491	
22	25.152	VV  	0.450	    123594956	23.400	25.690	
23	25.748	VBA 	0.126	      5331384	25.690	25.941	
TIC: 20250714-ks8-ks3-2.D\data.ms
KS8-KS3-1

Peak #	Ret Time	Type	Width	Area	Start Time	End Time	
1	1.474	BB  	0.120	   2122669420	1.166	2.369	
2	3.048	BV  	0.089	   2507584391	2.927	3.419	
3	3.450	VV  	0.018	     66606885	3.419	3.568	
4	3.625	VV  	0.074	     12938583	3.568	3.736	
5	3.771	VB  	0.095	     12441299	3.736	4.086	
6	4.624	BV  	0.099	   2454183968	4.501	5.004	
7	5.026	VV  	0.039	     41116023	5.004	5.146	
8	5.343	VB  	0.189	     27417800	5.146	5.671	
9	6.199	BV  	0.080	   2538410268	5.977	6.578	
10	6.602	VV  	0.018	    129896686	6.578	6.716	
11	6.777	VB  	0.177	     52345960	6.716	7.300	
12	7.662	BV  	0.193	     97014446	7.530	7.945	
13	8.001	VV  	0.171	     56517397	7.945	8.372	
14	8.438	VB  	0.124	     28921288	8.372	8.874	
15	9.225	BB  	0.251	    188707455	8.896	10.285	
16	10.796	BB  	0.245	    183449761	10.514	12.001	
17	16.309	BB  	0.137	     38887980	16.112	16.648	
18	17.884	BB  	0.132	    208604545	17.140	18.474	
19	19.458	BB  	0.129	    294610143	19.250	20.059	
20	21.033	BB  	0.130	    209653002	20.836	21.645	
21	25.154	VV  	0.583	     66602425	23.394	25.315	
22	25.501	VV  	0.201	     17328990	25.315	25.678	
23	25.766	VBA 	0.105	      3324983	25.678	25.892	
TIC: 20250714-ks8-od-2.D\data.ms
KS8-OD2

Peak #	Ret Time	Type	Width	Area	Start Time	End Time	
1	1.472	BV  	0.127	   2489442338	1.166	1.844	
2	1.875	VB  	0.067	     64002979	1.844	2.314	
3	3.048	BV  	0.105	   2502768980	2.927	3.419	
4	3.450	VV  	0.064	     77060109	3.419	3.594	
5	4.624	BV  	0.108	   2504175641	4.501	5.004	
6	5.026	VV  	0.065	     81883228	5.004	5.306	
7	6.200	BV  	0.108	   2640214107	5.944	6.578	
8	6.601	VB  	0.071	    114640481	6.578	7.300	
9	7.655	BV  	0.234	    104441059	7.508	8.361	
10	9.224	BB  	0.234	    113932342	8.962	10.110	
11	10.802	BB  	0.245	    121581788	10.667	11.717	
12	16.307	BB  	0.132	    165280344	16.101	16.867	
13	17.882	BB  	0.135	    151775080	17.676	18.419	
14	19.458	BB  	0.130	    152860676	19.250	20.026	
15	21.032	BB  	0.132	    157963905	20.825	21.623	
16	25.505	BV  	0.976	     47480036	23.044	25.690	
17	25.766	VBA 	0.126	      2975164	25.690	25.941	
TIC: 20250714-nc-1.D\data.ms
NC-1

Peak #	Ret Time	Type	Width	Area	Start Time	End Time	
1	1.472	BV  	0.076	   2502200999	1.166	1.844	
2	1.874	VV  	0.019	     79694732	1.844	2.019	
3	2.049	VV  	0.064	     13430474	2.019	2.139	
4	2.195	VB  	0.088	     15067027	2.139	2.489	
5	3.120	BV  	0.074	   2614528101	3.003	3.462	
6	3.520	VV  	0.042	    110146402	3.462	3.635	
7	3.700	VV  	0.073	     28037242	3.635	3.790	
8	3.839	VB  	0.059	     28073399	3.790	4.195	
9	4.695	BV  	0.075	   2525433650	4.567	5.201	
10	5.357	VV  	0.111	     25805052	5.201	5.523	
11	6.271	BV  	0.075	   2542099968	5.813	6.600	
12	6.671	VV  	0.026	     72531771	6.600	6.782	
13	6.995	VB  	0.155	     38112557	6.782	7.355	
14	8.074	VV  	0.103	     13325462	7.969	8.232	
15	8.507	VV  	0.169	     16099734	8.232	8.571	
16	16.347	BB  	0.127	   1506857130	15.915	17.238	
17	17.985	BV  	0.124	   1228086811	17.544	18.692	
18	19.562	BV  	0.127	   1386418963	19.119	20.332	
19	21.137	PV  	0.124	   1308412911	20.715	21.907	
20	23.324	BV  	0.088	      7050084	22.924	23.414	
21	25.241	VBA 	0.553	    149057027	23.583	25.941	
TIC: 20250714-nc-2.D\data.ms
NC-2

Peak #	Ret Time	Type	Width	Area	Start Time	End Time	
1	1.473	BV  	0.040	   2488980869	1.166	1.844	
2	1.874	VV  	0.021	     40845806	1.844	2.019	
3	2.195	VB  	0.122	     15021370	2.019	2.457	
4	3.047	BV  	0.076	   2549562980	2.927	3.419	
5	3.450	VV  	0.018	     99443616	3.419	3.561	
6	3.771	VB  	0.181	     44971167	3.561	4.129	
7	4.624	BV  	0.078	   2488622593	4.501	5.004	
8	5.025	VV  	0.038	     63807141	5.004	5.132	
9	5.344	VB  	0.182	     44218434	5.132	5.748	
10	6.199	BV  	0.078	   2535311955	6.076	6.578	
11	6.601	VV  	0.018	     92375352	6.578	6.710	
12	6.921	VB  	0.162	     48068809	6.710	7.311	
13	8.003	PV  	0.054	      6987272	7.908	8.054	
14	8.218	VV  	0.107	     16311945	8.054	8.359	
15	8.439	VB  	0.093	     16769462	8.359	8.700	
16	16.332	BB  	0.126	   1170767281	15.872	17.162	
17	17.904	BB  	0.123	   1037523488	17.446	18.660	
18	19.484	BV  	0.126	   1174752888	19.075	20.223	
19	21.057	BV  	0.126	   1041430124	20.628	21.852	
20	25.234	VV  	0.639	     99832898	23.401	25.384	
21	25.499	VV  	0.171	     18044879	25.384	25.690	
22	25.762	VBA 	0.100	      3546024	25.690	25.892	
