TIC: 20250722-ehc-od-2.D\data.ms
ehc-od-2

Peak #	Ret Time	Type	Width	Area	Start Time	End Time	
1	1.475	BV  	0.128	   2435466414	1.156	1.855	
2	1.876	VB  	0.050	     14983929	1.855	2.216	
3	3.048	BV  	0.152	   2587029756	2.927	3.419	
4	3.449	VB  	0.022	     70308907	3.419	3.965	
5	4.624	BV  	0.044	   2584931669	4.501	4.993	
6	5.025	VB  	0.069	     69086173	4.993	5.529	
7	6.200	BV  	0.047	   2580243028	6.076	6.578	
8	6.601	VB  	0.067	    132681566	6.578	7.213	
9	24.962	BV  	0.310	     34454872	23.624	25.051	
10	25.235	VBA 	0.564	     29661849	25.051	25.941	
TIC: 20250722-ehc-1.D\data.ms
ehc-1

Peak #	Ret Time	Type	Width	Area	Start Time	End Time	
1	1.472	BV  	0.136	   2542314626	1.166	1.844	
2	1.874	VB  	0.021	     77597333	1.844	2.303	
3	3.046	BV  	0.106	   2547523371	2.883	3.419	
4	3.448	VB  	0.021	    103537913	3.419	3.867	
5	4.621	BV  	0.105	   2557167346	4.479	4.993	
6	5.024	VB  	0.020	    106415200	4.993	5.452	
7	6.268	BV  	0.039	   2546019390	6.032	6.607	
8	6.668	VV  	0.067	     78522586	6.607	6.808	
9	16.338	BB  	0.127	   1652006724	15.883	17.195	
10	17.909	BB  	0.127	   1578944769	17.446	18.747	
11	19.480	BB  	0.125	   1455207815	19.020	20.376	
12	21.130	BB  	0.127	   1554659961	20.671	22.027	
TIC: 20250722-ehc-2.D\data.ms
ehc-2

Peak #	Ret Time	Type	Width	Area	Start Time	End Time	
1	1.472	BV  	0.152	   2594264965	1.166	1.844	
2	1.874	VB  	0.021	     88036813	1.844	2.325	
3	3.047	BV  	0.104	   2529583960	2.927	3.419	
4	3.448	VB  	0.023	     74772652	3.419	3.867	
5	4.623	BV  	0.043	   2528437726	4.501	4.993	
6	5.024	VB  	0.066	     75420397	4.993	5.452	
7	6.198	BV  	0.107	   2566502844	6.075	6.578	
8	6.600	VB  	0.067	    112250128	6.578	7.191	
9	16.311	BB  	0.126	    815983228	15.817	17.118	
10	17.882	BB  	0.124	    790305752	17.435	18.692	
11	19.459	BB  	0.124	    826104960	19.031	20.245	
12	21.031	BB  	0.125	    714737339	20.595	21.787	
13	25.766	BBA 	1.251	     40744475	22.989	25.936	
TIC: 20250722-ehc-od-1.D\data.ms
ehc-od-1

Peak #	Ret Time	Type	Width	Area	Start Time	End Time	
1	1.471	BV  	0.130	   2613556596	0.991	1.844	
2	1.873	VB  	0.020	    112712615	1.844	2.303	
3	3.047	BV  	0.152	   2598218123	2.752	3.419	
4	3.449	VB  	0.021	     82832279	3.419	3.932	
5	4.624	BV  	0.044	   2604598287	4.326	4.993	
6	5.025	VB  	0.062	     65428601	4.993	5.485	
7	6.200	BV  	0.048	   2747290523	5.780	6.578	
8	6.600	VV  	0.082	    144386618	6.578	7.497	
9	7.635	VV  	0.223	    236608147	7.497	8.115	
10	8.177	VV  	0.447	    109522128	8.115	9.071	
11	9.207	VV  	0.292	    348231794	9.071	10.667	
12	10.781	VB  	0.274	    327148148	10.667	12.351	
13	14.718	BB  	0.115	     14992438	14.363	15.019	
14	16.398	VB  	0.155	   3428488303	16.101	17.359	
15	17.979	VB  	0.161	   3601248237	17.671	18.769	
16	19.552	VB  	0.161	   3513105283	19.261	20.475	
17	21.134	VB  	0.163	   3625943159	20.835	22.060	
TIC: 20250722-ks3-100-1.D\data.ms
ks3-1/100-1

Peak #	Ret Time	Type	Width	Area	Start Time	End Time	
1	1.472	BV  	0.152	   2533612768	1.177	1.844	
2	1.874	VV  	0.019	     78793971	1.844	2.019	
3	2.047	VV  	0.040	      4440687	2.019	2.151	
4	3.046	BV  	0.103	   2521536124	2.927	3.419	
5	3.448	VV  	0.020	     88126249	3.419	3.561	
6	3.620	VB  	0.143	     20998650	3.561	3.976	
7	4.623	BV  	0.100	   2473940278	4.217	5.004	
8	5.023	VB  	0.045	     41985224	5.004	5.452	
9	6.198	BV  	0.102	   2490173420	6.054	6.579	
10	6.599	VB  	0.071	     56431015	6.579	7.136	
11	16.370	BB  	0.134	   2381348285	15.839	17.403	
12	17.934	BB  	0.132	   2132876458	17.435	18.999	
13	19.506	BB  	0.134	   2124869321	19.043	20.562	
14	21.083	BB  	0.129	   2094346049	20.617	22.005	
15	25.234	BBA 	1.009	     60093671	23.000	25.936	
TIC: 20250722-ks3-100-2.D\data.ms
ks3-1/100-2

Peak #	Ret Time	Type	Width	Area	Start Time	End Time	
1	1.472	BV  	0.152	   2572865512	1.166	1.844	
2	1.874	VV  	0.020	     94927810	1.844	2.019	
3	2.195	VB  	0.095	      9033039	2.150	2.478	
4	3.047	BV  	0.102	   2500643994	2.927	3.419	
5	3.449	VV  	0.019	     74788456	3.419	3.561	
6	3.620	VB  	0.159	     22169184	3.561	3.987	
7	4.624	BV  	0.102	   2560926961	4.217	5.004	
8	5.024	VB  	0.067	     43606244	5.004	5.452	
9	6.198	BV  	0.044	   2539842596	6.076	6.578	
10	6.600	VV  	0.018	    105709693	6.578	6.753	
11	6.774	VB  	0.177	     24711045	6.753	7.267	
12	8.002	PV  	0.058	      4395039	7.904	8.052	
13	8.435	VB  	0.099	      9234133	8.351	8.721	
14	16.341	BB  	0.128	   1641763949	15.577	17.392	
15	17.913	BB  	0.127	   1630331613	17.413	18.966	
16	19.487	BB  	0.129	   1616449943	19.032	20.256	
17	21.062	BB  	0.126	   1524245696	20.617	21.984	
18	25.236	BV  	0.737	     63108440	23.011	25.690	
19	25.760	VBA 	0.104	      2931964	25.690	25.941	
TIC: 20250722-ks3-10-1.D\data.ms
ks3-1/10-1

Peak #	Ret Time	Type	Width	Area	Start Time	End Time	
1	1.472	BV  	0.152	   2559175454	1.145	1.844	
2	1.874	VV  	0.019	     94881658	1.844	2.019	
3	2.046	VV  	0.042	      4325873	2.019	2.161	
4	3.047	BV  	0.103	   2523965172	2.927	3.419	
5	3.449	VV  	0.018	     73128223	3.419	3.594	
6	4.623	BV  	0.102	   2523637826	4.501	5.004	
7	5.025	VV  	0.038	     60266384	5.004	5.168	
8	6.199	BV  	0.103	   2527166517	5.988	6.579	
9	6.600	VB  	0.069	     77473704	6.579	7.125	
10	9.267	BB  	0.229	     23914601	9.104	9.640	
11	16.300	BB  	0.128	    441858910	15.839	16.987	
12	17.875	BB  	0.127	    442295697	17.676	18.561	
13	19.450	BB  	0.127	    446943842	19.239	20.092	
14	21.025	BB  	0.127	    438420714	20.825	21.732	
15	25.236	BB  	0.518	     36867561	23.011	25.613	
TIC: 20250722-ks3-10-2.D\data.ms
ks3-1/10-2

Peak #	Ret Time	Type	Width	Area	Start Time	End Time	
1	1.472	BV  	0.135	   2524538460	1.145	1.844	
2	1.873	VV  	0.020	     45439205	1.844	2.008	
3	3.047	BV  	0.102	   2485089666	2.927	3.419	
4	3.448	VB  	0.028	     52585010	3.419	3.878	
5	4.622	BV  	0.104	   2505862882	4.490	4.993	
6	5.023	VB  	0.070	     62908375	4.993	5.452	
7	6.268	BV  	0.080	   2549377049	6.141	6.600	
8	6.669	VB  	0.071	    121783697	6.600	7.213	
9	16.314	BB  	0.126	    904256006	15.894	17.151	
10	17.888	BB  	0.124	    878603014	17.446	18.682	
11	19.460	BB  	0.127	    864538329	19.043	20.223	
12	21.106	BB  	0.123	    815554890	20.693	21.896	
TIC: 20250722-ks8-100-1.D\data.ms
ks8-1/100-1

Peak #	Ret Time	Type	Width	Area	Start Time	End Time	
1	1.472	BV  	0.135	   2529338044	1.167	1.844	
2	1.874	VV  	0.018	     87967996	1.844	2.019	
3	3.046	BV  	0.104	   2557070599	2.927	3.419	
4	3.448	VV  	0.019	     75343183	3.419	3.594	
5	4.622	BV  	0.102	   2507449669	4.501	4.993	
6	5.023	VB  	0.022	     67772852	4.993	5.452	
7	6.196	BV  	0.111	   2540217201	6.043	6.568	
8	6.599	VV  	0.016	    111996845	6.568	6.743	
9	16.295	BB  	0.132	    195794393	16.091	16.932	
10	17.871	BB  	0.133	    193092967	17.654	18.474	
11	19.443	BB  	0.133	    203399526	19.250	20.092	
12	21.022	BB  	0.133	    174622942	20.814	21.645	
13	25.758	BBA 	0.751	     26939755	23.099	25.936	
TIC: 20250722-ks8-100-2.D\data.ms
ks8-1/100-2

Peak #	Ret Time	Type	Width	Area	Start Time	End Time	
1	1.472	BV  	0.151	   2491329503	1.145	1.844	
2	1.873	VV  	0.019	     65856578	1.844	2.019	
3	3.118	BV  	0.088	   2565657667	2.992	3.473	
4	3.519	VV  	0.018	    104703385	3.473	3.648	
5	3.697	VB  	0.125	     18260203	3.648	4.075	
6	4.694	BV  	0.099	   2487454962	4.545	5.070	
7	5.094	VB  	0.068	     80795378	5.070	5.518	
8	6.269	BV  	0.105	   2558535811	6.141	6.644	
9	6.669	VB  	0.070	    108913317	6.644	7.092	
10	16.307	BB  	0.125	    656361519	15.894	17.064	
11	17.948	BB  	0.127	    559029734	17.534	18.693	
12	19.524	BB  	0.124	    643329059	19.108	20.278	
13	21.099	BB  	0.126	    608732319	20.704	21.874	
14	25.242	BV  	0.587	     44661303	23.011	25.690	
TIC: 20250722-ks8-10-1.D\data.ms
ks8-1/10-1

Peak #	Ret Time	Type	Width	Area	Start Time	End Time	
1	1.472	BV  	0.135	   2541162757	1.167	1.844	
2	1.874	VV  	0.019	     86253609	1.844	2.019	
3	3.046	BV  	0.102	   2502308072	2.927	3.419	
4	3.448	VV  	0.019	     86557977	3.419	3.594	
5	4.622	BV  	0.103	   2556111781	4.501	4.993	
6	5.024	VB  	0.021	     92029094	4.993	5.441	
7	6.197	BV  	0.105	   2622762225	5.977	6.568	
8	6.599	VB  	0.071	     99019131	6.568	7.235	
9	7.663	BV  	0.185	     56634778	7.541	7.912	
10	7.996	VB  	0.203	     23681445	7.912	8.372	
11	9.238	BB  	0.245	     79610558	9.104	9.946	
12	10.815	BB  	0.268	     88689362	10.679	11.684	
13	16.307	BB  	0.125	    802114245	15.828	17.075	
14	17.879	BB  	0.126	    729956585	17.457	18.660	
15	19.456	BB  	0.123	    754339876	18.999	20.201	
16	21.032	BB  	0.125	    770548608	20.584	21.710	
17	25.156	BB  	0.475	     23091574	23.000	25.449	
TIC: 20250722-ks8-10-2.D\data.ms
ks8-1/10-2

Peak #	Ret Time	Type	Width	Area	Start Time	End Time	
1	1.472	BV  	0.151	   2517677901	1.155	1.844	
2	1.874	VV  	0.018	     68963181	1.844	1.999	
3	3.047	BV  	0.105	   2585127268	2.927	3.419	
4	3.448	VB  	0.024	     66413540	3.419	3.856	
5	4.622	BV  	0.043	   2541107790	4.501	4.993	
6	5.025	VB  	0.066	    103634185	4.993	5.463	
7	6.198	BV  	0.106	   2638081752	5.966	6.578	
8	6.599	VB  	0.071	    110990810	6.578	7.300	
9	7.666	BV  	0.250	     98928219	7.530	8.350	
10	9.234	BB  	0.266	    104176925	8.852	10.132	
11	10.811	BV  	0.243	    109467265	10.460	11.706	
12	16.297	BB  	0.128	    321771714	16.090	16.976	
13	17.870	BB  	0.130	    299099720	17.665	18.474	
14	19.447	BB  	0.129	    272776783	19.042	20.059	
15	21.022	BB  	0.128	    282701376	20.824	21.634	
16	25.532	BV  	0.863	     41859332	23.077	25.635	
17	25.768	VBA 	0.100	      2529758	25.635	25.892	
TIC: 20250722-ks8-ks3-1.D\data.ms
ks3-ks8-1

Peak #	Ret Time	Type	Width	Area	Start Time	End Time	
1	1.472	BV  	0.152	   2539441799	1.145	1.844	
2	1.874	VV  	0.019	     73706594	1.844	2.019	
3	3.047	BV  	0.103	   2581921392	2.927	3.419	
4	3.449	VV  	0.019	     89086770	3.419	3.566	
5	3.621	VB  	0.156	     26174213	3.566	3.976	
6	4.624	BV  	0.105	   2692710575	4.501	4.993	
7	5.024	VV  	0.018	     82735948	4.993	5.141	
8	5.197	VB  	0.181	     24383885	5.141	5.551	
9	6.198	BV  	0.106	   2742776630	5.955	6.578	
10	6.600	VV  	0.022	    130998605	6.578	6.753	
11	6.771	VV  	0.237	     76037735	6.753	7.540	
12	7.641	VV  	0.188	    194490436	7.540	7.949	
13	7.995	VV  	0.233	     85023775	7.949	8.371	
14	8.433	VB  	0.167	     39625560	8.371	9.082	
15	9.214	BV  	0.256	    292369258	9.082	10.667	
16	10.792	PB  	0.256	    265455507	10.667	11.892	
17	16.306	BB  	0.136	     42035068	15.555	16.659	
18	17.878	BB  	0.138	     43312655	17.687	18.288	
19	19.453	BB  	0.133	     42409055	19.261	19.830	
20	21.030	BB  	0.135	     38232361	20.814	21.404	
21	25.234	PV  	0.629	     80437137	23.405	25.690	
TIC: 20250722-ks8-ks3-2.D\data.ms
ks3-ks8-2

Peak #	Ret Time	Type	Width	Area	Start Time	End Time	
1	1.472	BV  	0.150	   2470162153	1.112	1.844	
2	1.873	VV  	0.021	     34085496	1.844	2.019	
3	3.047	BV  	0.104	   2511248096	2.894	3.419	
4	3.448	VV  	0.020	     41272271	3.419	3.561	
5	4.623	BV  	0.104	   2524660438	4.501	5.004	
6	5.024	VV  	0.017	     41427259	5.004	5.179	
7	6.198	BV  	0.108	   2762781363	5.944	6.578	
8	6.600	VV  	0.023	    105691620	6.578	6.753	
9	6.771	VV  	0.276	     77506799	6.753	7.530	
10	7.640	VV  	0.279	    282624091	7.530	8.372	
11	8.432	VV  	0.252	     62308301	8.372	9.104	
12	9.214	VV  	0.292	    322113151	9.104	10.668	
13	10.787	VB  	0.277	    296154429	10.668	12.187	
14	16.342	BB  	0.125	   1622906570	15.588	17.195	
15	17.906	BV  	0.124	   1404560346	17.435	18.714	
16	19.484	BV  	0.127	   1463837877	19.032	20.289	
17	21.061	BB  	0.125	   1484206059	20.617	21.852	
18	25.065	VV  	0.728	     99687653	23.394	25.395	
19	25.496	VV  	0.158	     10113973	25.395	25.690	
20	25.762	VV  	0.083	      3069329	25.690	25.887	
TIC: 20250722-ks8-od-1.D\data.ms
ks-8-od-1

Peak #	Ret Time	Type	Width	Area	Start Time	End Time	
1	1.472	BV  	0.153	   2648262058	1.167	1.844	
2	1.873	VB  	0.022	     84928314	1.844	2.315	
3	3.118	BV  	0.047	   2575987750	2.949	3.495	
4	3.519	VB  	0.068	    103966854	3.495	3.987	
5	4.693	BV  	0.101	   2534695554	4.556	5.070	
6	5.094	VB  	0.070	    102066360	5.070	5.551	
7	6.080	BV  	0.125	     85362747	5.955	6.185	
8	6.270	VV  	0.041	   2654386150	6.185	6.644	
9	6.670	VV  	0.083	    141774681	6.644	7.606	
10	7.717	VV  	0.305	    274062164	7.606	9.115	
11	9.290	VV  	0.302	    265859455	9.115	10.722	
12	10.866	VB  	0.289	    257252936	10.722	12.428	
13	16.296	BB  	0.125	    491199897	15.894	17.020	
14	17.940	BB  	0.128	    438957198	17.501	18.638	
15	19.515	BB  	0.126	    437952925	19.108	20.223	
16	21.092	BB  	0.126	    462316661	20.661	21.820	
TIC: 20250722-ks8-od-2.D\data.ms
ks-8-od-2

Peak #	Ret Time	Type	Width	Area	Start Time	End Time	
1	1.472	BV  	0.151	   2599666315	1.134	1.844	
2	1.873	VB  	0.023	     76934727	1.844	2.391	
3	3.046	BV  	0.105	   2554140575	2.927	3.419	
4	3.448	VB  	0.022	     95089645	3.419	3.878	
5	4.622	BV  	0.105	   2577202755	4.490	4.993	
6	5.023	VB  	0.020	     94041302	4.993	5.463	
7	6.197	BV  	0.107	   2701878193	5.955	6.568	
8	6.599	VV  	0.075	    164696531	6.568	7.541	
9	7.641	VB  	0.282	    247525207	7.541	9.049	
10	9.212	BB  	0.259	    235427267	9.049	10.602	
11	10.790	BB  	0.260	    231067181	10.635	12.220	
12	16.322	BB  	0.124	   1277365031	15.828	17.162	
13	17.894	BB  	0.122	   1181040619	17.435	18.671	
14	19.468	BB  	0.124	   1176264090	19.042	20.256	
15	21.046	BB  	0.123	   1196448503	20.595	21.929	
TIC: 20250722-nc-1.D\data.ms
NC-1

Peak #	Ret Time	Type	Width	Area	Start Time	End Time	
1	1.473	BV  	0.150	   2456814155	1.134	1.844	
2	1.873	VV  	0.021	     33050450	1.844	2.019	
3	3.118	BV  	0.082	   2561476339	3.003	3.473	
4	3.519	VV  	0.018	    116532634	3.473	3.648	
5	3.696	VV  	0.066	     15499338	3.648	3.790	
6	3.838	VB  	0.083	     16133568	3.790	4.206	
7	4.694	BV  	0.099	   2556586353	4.567	5.070	
8	5.094	VV  	0.019	     90918609	5.070	5.201	
9	5.268	VB  	0.173	     33965668	5.201	5.715	
10	6.270	BV  	0.099	   2477442430	5.813	6.597	
11	6.668	VV  	0.068	     44321634	6.597	6.780	
12	8.070	BV  	0.311	     19371907	7.650	8.415	
13	16.367	VV  	0.134	   2371192159	16.097	17.225	
14	18.003	VV  	0.249	   2032677925	17.743	18.818	
15	19.580	VV  	0.134	   2122466381	19.317	20.343	
16	21.159	VB  	0.134	   2256480655	20.892	22.492	
17	25.158	VV  	0.648	     92993342	23.410	25.677	
18	25.751	VBA 	0.101	      3542022	25.677	25.892	
TIC: 20250722-nc-2.D\data.ms
NC-2

Peak #	Ret Time	Type	Width	Area	Start Time	End Time	
1	1.472	BV  	0.152	   2568050972	1.166	1.844	
2	1.874	VV  	0.020	     87267856	1.844	2.019	
3	2.194	VB  	0.131	     18859621	2.019	2.478	
4	3.047	BV  	0.103	   2558272659	2.927	3.419	
5	3.449	VV  	0.019	     93533955	3.419	3.561	
6	3.769	VB  	0.149	     35469593	3.561	4.151	
7	4.623	BV  	0.103	   2512576828	4.501	5.004	
8	5.025	VV  	0.038	     93679505	5.004	5.135	
9	5.345	VB  	0.186	     35758617	5.135	5.715	
10	6.199	BV  	0.098	   2453574078	6.076	6.578	
11	6.600	VV  	0.045	     33107527	6.578	6.802	
12	6.860	VB  	0.112	     16517611	6.802	7.213	
13	16.359	BV  	0.131	   2048306808	15.555	17.151	
14	17.931	VV  	0.130	   1992871004	17.687	18.660	
15	19.506	BV  	0.132	   1982312446	19.042	20.245	
16	21.079	VB  	0.132	   1932989055	20.823	22.137	
17	25.233	BV  	0.756	     97315485	23.011	25.679	
18	25.756	VBA 	0.091	      3081077	25.679	25.892	
