TIC: 20250714-ks8-ks3-2.D\data.ms
KS8-KS3-1

Peak #	Ret Time	Type	Width	Area	Start Time	End Time	
1	1.474	BB  	0.120	   2116464494	1.166	2.150	
2	3.048	BV  	0.089	   2497793702	2.927	3.419	
3	3.450	VV  	0.017	     59760023	3.419	3.568	
4	4.624	BV  	0.099	   2444703417	4.501	5.004	
5	5.026	VV  	0.038	     35000261	5.004	5.146	
6	6.199	BV  	0.080	   2535727620	5.977	6.578	
7	6.602	VV  	0.018	    128523769	6.578	6.716	
8	6.777	VB  	0.166	     44031180	6.716	7.136	
9	7.662	BV  	0.187	     91369412	7.530	7.945	
10	8.001	VB  	0.130	     38984170	7.945	8.372	
11	9.225	BB  	0.251	    182498575	9.093	10.143	
12	10.796	BB  	0.219	    161074576	10.657	11.531	
13	16.309	BB  	0.136	     38384267	16.112	16.626	
14	17.884	BB  	0.130	    205073190	17.676	18.343	
15	19.458	BB  	0.128	    292302643	19.250	19.983	
16	21.033	BB  	0.127	    203200710	20.256	21.437	
17	25.154	BV  	0.725	     72379779	23.044	25.679	
TIC: 20250714-ehc-1.D\data.ms
EHC-1

Peak #	Ret Time	Type	Width	Area	Start Time	End Time	
1	1.473	BV  	0.133	   2459047527	1.166	1.844	
2	1.874	VB  	0.068	     47900129	1.844	2.260	
3	3.048	BV  	0.102	   2461877443	2.927	3.419	
4	3.449	VB  	0.066	     44464987	3.419	3.878	
5	4.623	BV  	0.108	   2486876635	4.501	5.004	
6	5.025	VV  	0.016	     67706280	5.004	5.179	
7	6.271	BV  	0.080	   2520329642	6.141	6.608	
8	6.673	VV  	0.041	     85469663	6.608	6.793	
9	16.322	BB  	0.126	    863060894	15.872	16.910	
10	17.893	BB  	0.125	    819543520	17.676	18.496	
11	19.470	BB  	0.122	    838639583	19.042	20.070	
12	21.118	BB  	0.125	    806626741	20.682	21.721	
TIC: 20250714-ehc-2.D\data.ms
EHC-2

Peak #	Ret Time	Type	Width	Area	Start Time	End Time	
1	1.472	BV  	0.134	   2464485826	1.134	1.844	
2	1.874	VV  	0.018	     63243705	1.844	2.019	
3	3.048	BV  	0.099	   2437917490	2.927	3.430	
4	3.450	VB  	0.040	     24958282	3.430	3.648	
5	4.624	BV  	0.043	   2478744146	4.501	5.004	
6	5.026	VB  	0.066	     52318890	5.004	5.310	
7	6.199	BV  	0.103	   2493950821	6.076	6.579	
8	6.601	VV  	0.065	     61787745	6.579	6.881	
9	16.309	BB  	0.127	    334426425	16.091	16.790	
10	17.880	BB  	0.129	    316044651	17.676	18.419	
11	19.458	BB  	0.131	    312394659	19.261	19.972	
12	21.032	BB  	0.126	    334278577	20.825	21.503	
TIC: 20250714-ehc-od-1.D\data.ms
EHC-OD1

Peak #	Ret Time	Type	Width	Area	Start Time	End Time	
1	1.471	BV  	0.135	   2596942795	1.068	1.844	
2	1.875	VB  	0.019	    134079501	1.844	2.293	
3	3.047	BV  	0.105	   2519821556	2.730	3.419	
4	3.449	VB  	0.067	     72143974	3.419	3.867	
5	4.623	BV  	0.043	   2484968064	4.304	5.004	
6	5.026	VB  	0.063	     79170330	5.004	5.321	
7	6.200	BV  	0.047	   2617880408	5.780	6.578	
8	6.602	VB  	0.070	    110660901	6.578	7.125	
9	7.632	BB  	0.176	     87126835	7.300	8.098	
10	9.206	BB  	0.253	    156440820	8.896	10.110	
11	10.786	BB  	0.257	    155209568	10.482	11.662	
12	16.329	BB  	0.127	   1153676306	15.773	16.943	
13	17.902	BB  	0.125	   1152562398	17.293	18.430	
14	19.480	BB  	0.122	   1227132301	18.846	20.070	
15	21.057	BB  	0.123	   1229666723	20.507	21.634	
TIC: 20250714-ehc-od-2.D\data.ms
EHC-OD2

Peak #	Ret Time	Type	Width	Area	Start Time	End Time	
1	1.473	BV  	0.135	   2842557102	1.177	1.844	
2	1.875	VB  	0.069	    107787946	1.844	2.336	
3	3.049	BV  	0.045	   2777276009	2.927	3.419	
4	3.450	VB  	0.070	     86947676	3.419	3.889	
5	4.624	BV  	0.048	   2785115091	4.501	5.004	
6	5.026	VB  	0.067	    135561628	5.004	5.452	
7	6.201	BV  	0.048	   2661890746	6.075	6.578	
8	6.602	VB  	0.067	    129668989	6.578	6.819	
TIC: 20250714-ks3-100-1.D\data.ms
KS3-1/100-1

Peak #	Ret Time	Type	Width	Area	Start Time	End Time	
1	1.473	BV  	0.128	   2405237100	1.166	1.844	
2	1.874	VB  	0.073	     32027852	1.844	2.271	
3	3.048	BV  	0.103	   2467418014	2.927	3.430	
4	3.450	VB  	0.070	     49263598	3.430	3.878	
5	4.623	BV  	0.102	   2466136436	4.501	5.004	
6	5.025	VV  	0.064	     43813457	5.004	5.135	
7	6.199	BV  	0.101	   2495189684	6.075	6.578	
8	6.600	VV  	0.038	     53752103	6.578	6.716	
9	16.315	BB  	0.126	    670343621	16.101	16.954	
10	17.889	BB  	0.126	    631084413	17.676	18.463	
11	19.465	BB  	0.126	    642456155	19.250	20.059	
12	21.041	BB  	0.125	    609394554	20.835	21.601	
13	25.241	VV  	0.486	     58655602	23.383	25.690	
TIC: 20250714-ks3-100-2.D\data.ms
KS3-1/100-2

Peak #	Ret Time	Type	Width	Area	Start Time	End Time	
1	1.472	BV  	0.076	   2513405214	1.166	1.844	
2	1.874	VV  	0.018	     71725603	1.844	2.008	
3	3.047	BV  	0.079	   2502026946	2.927	3.430	
4	3.449	VV  	0.038	     53200685	3.430	3.561	
5	4.623	BV  	0.078	   2539228659	4.501	5.004	
6	5.025	VV  	0.038	     79149877	5.004	5.136	
7	5.345	VB  	0.161	     37410622	5.136	5.649	
8	6.198	BV  	0.078	   2523906042	6.075	6.578	
9	6.600	VV  	0.038	     89232453	6.578	6.716	
10	6.918	VB  	0.152	     42262661	6.716	7.213	
11	16.310	BB  	0.131	    202246466	16.101	16.757	
12	17.884	BB  	0.129	    202144834	17.676	18.397	
13	19.459	BB  	0.133	    188623004	19.272	19.994	
14	21.034	BB  	0.131	    189971915	20.835	21.513	
15	25.238	BV  	0.149	      4678291	23.558	25.318	
TIC: 20250714-ks3-10-1.D\data.ms
KS3-1/10-1

Peak #	Ret Time	Type	Width	Area	Start Time	End Time	
1	1.473	BV  	0.150	   2417299771	1.166	1.844	
2	1.874	VV  	0.018	     38122212	1.844	2.019	
3	3.048	BV  	0.099	   2417594679	2.927	3.419	
4	3.449	VB  	0.046	     38776166	3.419	3.878	
5	4.623	BV  	0.079	   2502228109	4.501	5.004	
6	5.026	VV  	0.016	    115504799	5.004	5.143	
7	5.347	VB  	0.180	     31697807	5.143	5.715	
8	6.199	BV  	0.079	   2501107396	6.086	6.578	
9	6.601	VV  	0.037	     86337254	6.578	6.716	
10	16.306	BB  	0.130	    210360035	16.101	16.757	
11	17.880	BB  	0.133	    206153097	17.665	18.332	
12	19.458	BB  	0.131	    170069290	19.250	19.928	
13	21.032	BB  	0.130	    185758522	20.835	21.491	
14	25.241	BB  	0.440	     35353536	23.066	25.668	
TIC: 20250714-ks3-10-2.D\data.ms
KS3-1/10-2

Peak #	Ret Time	Type	Width	Area	Start Time	End Time	
1	1.472	BV  	0.151	   2492039776	1.155	1.844	
2	1.874	VV  	0.018	     48342968	1.844	1.994	
3	3.047	BV  	0.104	   2530205823	2.927	3.419	
4	3.450	VV  	0.016	     92962454	3.419	3.561	
5	4.623	BV  	0.104	   2532937874	4.501	5.004	
6	5.025	VV  	0.037	     78518384	5.004	5.124	
7	6.271	BV  	0.075	   2512906388	6.141	6.600	
8	6.673	VV  	0.042	     88793634	6.600	6.797	
9	16.307	BB  	0.126	    342400658	16.101	16.845	
10	17.884	BB  	0.129	    285477680	17.676	18.452	
11	19.459	BB  	0.128	    293276762	19.250	19.994	
12	21.106	BB  	0.128	    290783188	20.901	21.655	
TIC: 20250714-ks8-100-1.D\data.ms
KS8-1/100-1

Peak #	Ret Time	Type	Width	Area	Start Time	End Time	
1	1.472	BV  	0.152	   2529888203	1.134	1.844	
2	1.875	VV  	0.017	    102315881	1.844	2.019	
3	3.048	BV  	0.099	   2407707593	2.927	3.430	
4	3.449	VB  	0.043	     51031394	3.430	3.878	
5	4.622	BV  	0.080	   2532245906	4.501	4.993	
6	5.025	VV  	0.016	    106124447	4.993	5.179	
7	6.199	BV  	0.099	   2451839952	6.075	6.578	
8	6.600	VV  	0.039	     37029191	6.578	6.808	
9	16.313	BB  	0.127	    517870316	16.101	16.910	
10	17.888	BB  	0.124	    623742327	17.676	18.463	
11	19.462	BB  	0.126	    515315157	19.250	20.005	
12	21.037	BB  	0.128	    566856021	20.825	21.645	
TIC: 20250714-ks8-100-2.D\data.ms
KS8-1/100-2

Peak #	Ret Time	Type	Width	Area	Start Time	End Time	
1	1.472	BV  	0.151	   2484574798	1.166	1.844	
2	1.874	VV  	0.018	     55181751	1.844	2.019	
3	3.120	BV  	0.075	   2479755489	3.003	3.473	
4	3.521	VV  	0.042	     69780382	3.473	3.640	
5	4.696	BV  	0.101	   2546886390	4.523	5.208	
6	6.270	BV  	0.075	   2517103222	6.152	6.600	
7	6.673	VV  	0.067	     98776805	6.600	6.786	
8	16.310	BB  	0.130	    392398262	16.101	16.845	
9	17.955	BB  	0.129	    374061876	17.752	18.507	
10	19.531	BB  	0.128	    376713183	19.327	20.070	
11	21.105	BB  	0.126	    366941436	20.901	21.623	
TIC: 20250714-ks8-10-1.D\data.ms
KS8-1/10-1

Peak #	Ret Time	Type	Width	Area	Start Time	End Time	
1	1.472	BV  	0.151	   2497575643	1.177	1.844	
2	1.874	VV  	0.018	     79091475	1.844	2.008	
3	3.047	BV  	0.103	   2502448837	2.883	3.419	
4	3.450	VB  	0.021	     99371923	3.419	3.878	
5	4.624	BV  	0.099	   2414965751	4.501	5.004	
6	5.025	VB  	0.043	     40578701	5.004	5.452	
7	6.198	BV  	0.080	   2477940657	6.076	6.578	
8	6.601	VV  	0.016	     95250911	6.578	6.720	
9	16.317	BB  	0.123	    754267573	15.872	16.910	
10	17.891	BB  	0.124	    710171493	17.676	18.485	
11	19.465	BB  	0.126	    725314995	19.250	20.059	
12	21.037	BB  	0.123	    578125242	20.825	21.623	
TIC: 20250714-ks8-10-2.D\data.ms
KS8-1/10-2

Peak #	Ret Time	Type	Width	Area	Start Time	End Time	
1	1.474	BV  	0.127	   2234784847	1.155	1.855	
2	1.877	VB  	0.067	     23337508	1.855	2.161	
3	3.049	BV  	0.045	   2735450758	2.927	3.419	
4	3.450	VV  	0.018	     74272042	3.419	3.594	
5	4.625	BV  	0.102	   2584223917	4.501	5.004	
6	5.026	VB  	0.072	     51943551	5.004	5.463	
7	6.201	BV  	0.106	   2587392512	6.043	6.578	
8	6.601	VV  	0.066	     61047577	6.578	6.808	
9	16.310	BB  	0.135	     42488936	16.079	16.637	
10	17.893	BB  	0.138	    155326150	17.665	18.343	
11	19.464	BB  	0.134	    192153791	19.261	19.961	
12	21.040	BB  	0.134	    195043331	20.803	21.535	
TIC: 20250714-ks8-ks3-1.D\data.ms
KS8-KS3-1

Peak #	Ret Time	Type	Width	Area	Start Time	End Time	
1	1.472	BV  	0.128	   2529133058	1.101	1.844	
2	1.874	VV  	0.019	     45524673	1.844	2.019	
3	3.048	BV  	0.103	   2524194903	2.927	3.430	
4	3.450	VV  	0.038	     54199198	3.430	3.561	
5	4.624	BV  	0.080	   2583644113	4.501	5.004	
6	5.026	VV  	0.017	     94087251	5.004	5.135	
7	5.347	VB  	0.160	     41568278	5.135	5.649	
8	6.200	BV  	0.103	   2702432311	5.955	6.578	
9	6.601	VV  	0.042	     73429660	6.578	6.716	
10	6.915	VB  	0.206	     55194280	6.716	7.245	
11	7.660	BV  	0.194	    111908762	7.497	7.941	
12	7.999	VB  	0.161	     40486795	7.941	8.361	
13	9.236	BB  	0.274	    177999687	9.093	10.274	
14	10.806	BB  	0.242	    154770781	10.667	11.531	
15	16.313	BB  	0.140	     41860881	16.101	16.626	
16	17.891	BB  	0.139	     37436685	17.151	18.201	
17	19.470	BB  	0.134	     35819897	19.283	19.786	
18	21.042	BB  	0.137	     38619677	20.857	21.338	
19	25.152	PB  	0.388	     93840996	23.400	25.679	
TIC: 20250714-ks8-od-1.D\data.ms
KS8-OD1

Peak #	Ret Time	Type	Width	Area	Start Time	End Time	
1	1.472	BV  	0.152	   2538467530	1.144	1.844	
2	1.875	VB  	0.019	    107293262	1.844	2.282	
3	3.121	BV  	0.082	   2534735158	2.992	3.473	
4	3.523	VV  	0.068	     83413324	3.473	3.645	
5	4.697	BV  	0.104	   2498874323	4.556	5.070	
6	5.100	VB  	0.020	     91640652	5.070	5.529	
7	6.081	BV  	0.138	     49180130	5.955	6.185	
8	6.275	VV  	0.047	   2823880296	6.185	6.655	
9	6.676	VB  	0.067	    118554929	6.655	7.103	
10	7.728	BB  	0.239	    100731021	7.606	8.448	
11	9.298	BB  	0.251	    107211970	9.148	10.011	
12	10.877	BB  	0.224	     96999461	10.744	11.542	
TIC: 20250714-ks8-od-2.D\data.ms
KS8-OD2

Peak #	Ret Time	Type	Width	Area	Start Time	End Time	
1	1.472	BV  	0.127	   2486829222	1.166	1.844	
2	1.875	VB  	0.066	     58746641	1.844	2.161	
3	3.048	BV  	0.105	   2509341591	2.927	3.419	
4	3.450	VB  	0.066	     91413989	3.419	3.878	
5	4.624	BV  	0.108	   2507389641	4.501	5.004	
6	5.026	VB  	0.066	     90419259	5.004	5.452	
7	6.200	BV  	0.108	   2633425879	5.944	6.578	
8	6.601	VB  	0.068	     96533479	6.578	7.038	
9	7.655	BB  	0.183	     74582650	7.508	8.098	
10	9.224	BB  	0.227	    110663198	9.093	9.957	
11	10.802	BB  	0.226	    109640075	10.667	11.498	
12	16.307	BB  	0.130	    162020597	16.101	16.725	
13	17.882	BB  	0.134	    149081807	17.676	18.310	
14	19.458	BB  	0.128	    149765555	19.250	19.862	
15	21.032	BB  	0.130	    154367411	20.825	21.448	
TIC: 20250714-nc-1.D\data.ms
NC-1

Peak #	Ret Time	Type	Width	Area	Start Time	End Time	
1	1.472	BV  	0.076	   2502200999	1.166	1.844	
2	1.874	VV  	0.019	     79694732	1.844	2.019	
3	2.049	VV  	0.064	     13430474	2.019	2.139	
4	2.195	VB  	0.088	     15067027	2.139	2.489	
5	3.120	BV  	0.074	   2614049068	3.003	3.462	
6	3.520	VV  	0.042	    109717455	3.462	3.635	
7	3.700	VV  	0.072	     27537451	3.635	3.790	
8	3.839	VB  	0.076	     26403154	3.790	4.129	
9	4.695	BV  	0.075	   2530601663	4.567	5.201	
10	5.357	VB  	0.154	     39013343	5.201	5.747	
11	6.271	BV  	0.075	   2535982045	6.152	6.600	
12	6.671	VV  	0.024	     65649007	6.600	6.782	
13	16.347	BB  	0.126	   1494819855	15.576	17.020	
14	17.985	BB  	0.124	   1222108565	17.544	18.594	
15	19.562	BB  	0.126	   1373133457	19.119	20.212	
16	21.137	BB  	0.124	   1300871234	20.704	21.787	
17	25.241	VB  	0.534	    136541358	23.427	25.832	
TIC: 20250714-nc-2.D\data.ms
NC-2

Peak #	Ret Time	Type	Width	Area	Start Time	End Time	
1	1.473	BV  	0.040	   2479742379	1.166	1.844	
2	1.874	VV  	0.019	     35462295	1.844	2.019	
3	3.047	BV  	0.076	   2549562980	2.927	3.419	
4	3.450	VV  	0.018	     99443616	3.419	3.561	
5	3.771	VB  	0.181	     44971167	3.561	4.129	
6	4.624	BV  	0.078	   2488027739	4.501	5.004	
7	5.025	VV  	0.038	     63465304	5.004	5.132	
8	5.344	VB  	0.177	     41602187	5.132	5.660	
9	6.199	BV  	0.078	   2534515438	6.076	6.578	
10	6.601	VV  	0.018	     91905573	6.578	6.710	
11	6.921	VB  	0.157	     44866038	6.710	7.224	
12	8.439	VB  	0.092	     16230000	8.359	8.700	
13	16.332	BB  	0.125	   1162370597	15.872	16.987	
14	17.904	BB  	0.122	   1028123567	17.162	18.561	
15	19.484	BB  	0.126	   1166033664	19.032	20.092	
16	21.057	BB  	0.126	   1034264029	20.628	21.656	
17	25.234	VV  	0.658	     94133406	23.394	25.679	
