TIC: 20250714-nc-1.D\data.ms
NC-1

Peak #	Ret Time	Type	Width	Area	Start Time	End Time	
1	1.455	PV  	0.010	    547023758	1.440	1.461	
2	1.474	VV  	0.026	   1811663257	1.461	1.596	
3	1.873	BB  	0.012	     66441797	1.851	1.900	
4	3.100	PV  	0.008	    483029646	3.085	3.105	
5	3.122	VV  	0.027	   1971621755	3.105	3.241	
6	3.521	BB  	0.013	     86869567	3.502	3.546	
7	4.681	PV  	0.011	    657522583	4.664	4.687	
8	4.695	VV  	0.025	   1698902440	4.687	4.820	
9	5.095	BV  	0.012	     26086904	5.060	5.120	
10	6.254	PV  	0.010	    607599592	6.238	6.260	
11	6.272	VV  	0.026	   1810267493	6.260	6.393	
12	6.671	BB  	0.013	     54815905	6.585	6.697	
13	16.352	BB  	0.106	   1445859277	16.141	16.589	
14	17.989	BB  	0.093	   1176871541	17.789	18.224	
15	19.570	BB  	0.094	   1325444585	19.353	19.809	
16	21.143	BB  	0.099	   1256136167	20.938	21.389	
TIC: 20250714-ehc-1.D\data.ms
EHC-1

Peak #	Ret Time	Type	Width	Area	Start Time	End Time	
1	1.458	PV  	0.010	    621998668	1.442	1.463	
2	1.473	VB  	0.022	   1744677872	1.463	1.665	
3	1.873	BB  	0.012	     34852144	1.851	1.909	
4	3.033	PV  	0.011	    647315593	3.017	3.039	
5	3.049	VV  	0.022	   1727602780	3.039	3.175	
6	3.448	BB  	0.012	     30041246	3.428	3.478	
7	4.605	PV  	0.010	    562100109	4.591	4.611	
8	4.626	VV  	0.026	   1833911770	4.611	4.748	
9	5.024	BB  	0.012	     63516504	5.000	5.060	
10	6.252	PV  	0.009	    520741128	6.237	6.258	
11	6.273	VV  	0.026	   1873371207	6.258	6.397	
12	6.672	BB  	0.013	     75194751	6.654	6.703	
13	16.319	BB  	0.096	    825620027	16.133	16.559	
14	17.897	BB  	0.094	    785832983	17.715	18.134	
15	19.472	BB  	0.095	    805329927	19.293	19.711	
16	21.125	BB  	0.096	    771745051	20.930	21.354	
TIC: 20250714-ehc-2.D\data.ms
EHC-2

Peak #	Ret Time	Type	Width	Area	Start Time	End Time	
1	1.455	PV  	0.010	    552790155	1.440	1.461	
2	1.475	VV  	0.025	   1794032807	1.461	1.596	
3	1.873	BB  	0.012	     58777124	1.854	1.906	
4	3.035	VV  	0.011	    612399800	3.017	3.039	
5	3.048	VB  	0.027	   1764581212	3.039	3.240	
6	3.448	BB  	0.012	     19463346	3.428	3.475	
7	4.609	VV  	0.010	    619726492	4.593	4.615	
8	4.626	VB  	0.026	   1793640621	4.615	4.825	
9	5.025	BB  	0.012	     41941086	5.003	5.055	
10	6.182	VV  	0.010	    561025428	6.167	6.188	
11	6.202	VV  	0.026	   1830281905	6.188	6.326	
12	6.601	BB  	0.012	     49543240	6.577	6.629	
13	16.309	BB  	0.094	    312452236	16.152	16.518	
14	17.882	BB  	0.096	    291965324	17.724	18.087	
15	19.451	BB  	0.097	    288281276	19.298	19.659	
16	21.035	BB  	0.099	    313008683	20.870	21.233	
TIC: 20250714-ehc-od-1.D\data.ms
EHC-OD1

Peak #	Ret Time	Type	Width	Area	Start Time	End Time	
1	1.450	VV  	0.008	    450051860	1.437	1.456	
2	1.475	VB  	0.027	   2036277020	1.456	1.684	
3	1.873	BB  	0.013	    114880769	1.826	1.911	
4	3.031	VV  	0.010	    594956479	3.015	3.036	
5	3.049	VB  	0.023	   1847926850	3.036	3.248	
6	3.448	BB  	0.012	     56028693	3.406	3.483	
7	4.606	VV  	0.010	    553300423	4.591	4.612	
8	4.626	VB  	0.026	   1859435400	4.612	4.819	
9	5.025	BB  	0.012	     69898333	4.986	5.060	
10	6.183	VV  	0.010	    564347916	6.168	6.189	
11	6.203	VB  	0.026	   1878575462	6.189	6.399	
12	6.602	BB  	0.012	     70566552	6.555	6.637	
13	16.329	BB  	0.094	   1121437292	16.122	16.559	
14	17.902	BB  	0.094	   1126858162	17.688	18.139	
15	19.480	BB  	0.095	   1201124020	19.265	19.716	
16	21.059	BB  	0.092	   1201378173	20.842	21.288	
TIC: 20250714-ehc-od-2.D\data.ms
EHC-OD2

Peak #	Ret Time	Type	Width	Area	Start Time	End Time	
1	1.453	PV  	0.008	    450863415	1.430	1.458	
2	1.475	VB  	0.028	   2280281511	1.458	1.728	
3	1.874	BB  	0.013	     77094460	1.826	1.928	
4	3.049	VB  	0.035	   2697987563	3.005	3.291	
5	3.449	BB  	0.013	     57807218	3.412	3.491	
6	4.602	VV  	0.010	    447554174	4.580	4.608	
7	4.627	VB  	0.028	   2252182622	4.608	4.849	
8	5.026	BB  	0.014	    107755417	4.981	5.071	
9	6.179	VV  	0.009	    471502884	6.167	6.185	
10	6.204	VB  	0.028	   2112564275	6.185	6.410	
11	6.602	BB  	0.014	    116356296	6.555	6.648	
TIC: 20250714-ks3-100-1.D\data.ms
KS3-1/100-1

Peak #	Ret Time	Type	Width	Area	Start Time	End Time	
1	1.472	PB  	0.033	   2322917578	1.442	1.676	
2	1.873	BB  	0.012	     17996784	1.854	1.900	
3	3.034	PV  	0.011	    653045020	3.017	3.039	
4	3.050	VV  	0.025	   1707521895	3.039	3.174	
5	3.448	BB  	0.012	     29017008	3.428	3.475	
6	4.608	PV  	0.010	    622126959	4.592	4.614	
7	4.624	VV  	0.026	   1737147363	4.614	4.748	
8	5.024	BB  	0.012	     39283001	5.005	5.052	
9	6.183	PV  	0.010	    601728086	6.167	6.189	
10	6.201	VV  	0.026	   1780189456	6.189	6.323	
11	6.600	BB  	0.012	     46291159	6.577	6.623	
12	16.315	BB  	0.097	    638169033	16.135	16.551	
13	17.889	BB  	0.095	    598941185	17.707	18.117	
14	19.463	BB  	0.098	    610237281	19.284	19.691	
15	21.046	BB  	0.092	    581029419	20.859	21.277	
TIC: 20250714-ks3-100-2.D\data.ms
KS3-1/100-2

Peak #	Ret Time	Type	Width	Area	Start Time	End Time	
1	1.454	PV  	0.009	    511477416	1.440	1.459	
2	1.475	VV  	0.026	   1876013695	1.459	1.595	
3	1.873	BB  	0.012	     66190498	1.851	1.900	
4	3.031	PV  	0.010	    591189995	3.015	3.037	
5	3.050	VV  	0.026	   1790679981	3.037	3.171	
6	3.448	BB  	0.012	     46723046	3.406	3.475	
7	4.605	PV  	0.008	    532496936	4.590	4.610	
8	4.626	VV  	0.026	   1857247822	4.610	4.746	
9	5.024	BV  	0.012	     65706964	4.984	5.050	
10	6.179	PV  	0.009	    530586325	6.166	6.186	
11	6.201	VV  	0.026	   1859156810	6.186	6.320	
12	6.600	BV  	0.012	     71348120	6.555	6.624	
13	16.306	BB  	0.094	    178137224	16.174	16.499	
14	17.885	BB  	0.099	    178333704	17.732	18.065	
15	19.454	BB  	0.099	    163377935	19.312	19.631	
16	21.035	BB  	0.095	    162634501	20.886	21.200	
TIC: 20250714-ks3-10-1.D\data.ms
KS3-1/10-1

Peak #	Ret Time	Type	Width	Area	Start Time	End Time	
1	1.458	PV  	0.010	    616112460	1.442	1.464	
2	1.473	VV  	0.022	   1699145876	1.464	1.600	
3	1.873	BB  	0.012	     34667759	1.854	1.909	
4	3.036	VV  	0.010	    663576918	3.018	3.040	
5	3.047	VB  	0.026	   1686012197	3.040	3.240	
6	3.449	BB  	0.012	     19703578	3.423	3.475	
7	4.602	VV  	0.008	    427191112	4.589	4.608	
8	4.627	VV  	0.026	   1941214795	4.608	4.748	
9	5.026	BB  	0.013	    102699151	5.000	5.052	
10	6.180	PV  	0.010	    493625762	6.166	6.186	
11	6.202	VV  	0.026	   1888025388	6.186	6.323	
12	6.601	BB  	0.012	     77248685	6.558	6.626	
13	16.301	BB  	0.097	    188045296	16.157	16.488	
14	17.874	BB  	0.098	    181921275	17.729	18.060	
15	19.457	BB  	0.099	    147088059	19.314	19.626	
16	21.030	BB  	0.094	    161667732	20.889	21.198	
TIC: 20250714-ks3-10-2.D\data.ms
KS3-1/10-2

Peak #	Ret Time	Type	Width	Area	Start Time	End Time	
1	1.457	PV  	0.010	    603125032	1.441	1.462	
2	1.474	VV  	0.025	   1759110071	1.462	1.599	
3	1.873	BB  	0.012	     43808404	1.854	1.903	
4	3.028	PV  	0.009	    502525693	3.014	3.034	
5	3.050	VV  	0.027	   1911967273	3.034	3.172	
6	3.449	BB  	0.012	     87046573	3.428	3.477	
7	4.605	PV  	0.009	    535197000	4.590	4.610	
8	4.626	VV  	0.026	   1876772351	4.610	4.747	
9	5.024	BB  	0.012	     72018331	4.948	5.052	
10	6.253	PV  	0.008	    514731003	6.238	6.258	
11	6.274	VV  	0.026	   1880475599	6.258	6.394	
12	6.672	BB  	0.013	     77910291	6.621	6.700	
13	16.302	BB  	0.095	    317310058	16.152	16.518	
14	17.882	BB  	0.095	    258340907	17.734	18.082	
15	19.458	BB  	0.095	    267433377	19.303	19.661	
16	21.104	BB  	0.094	    267186408	20.946	21.310	
TIC: 20250714-ks8-100-1.D\data.ms
KS8-1/100-1

Peak #	Ret Time	Type	Width	Area	Start Time	End Time	
1	1.452	PV  	0.010	    460495244	1.438	1.458	
2	1.475	VV  	0.026	   1931685777	1.458	1.596	
3	1.874	BB  	0.013	     95881732	1.854	1.900	
4	3.034	VV  	0.011	    657688474	3.017	3.039	
5	3.049	VB  	0.022	   1677226711	3.039	3.215	
6	3.448	BB  	0.012	     32780391	3.428	3.475	
7	4.602	PV  	0.008	    456361348	4.589	4.608	
8	4.626	VV  	0.026	   1946620739	4.608	4.746	
9	5.025	BB  	0.013	     98806787	5.003	5.052	
10	6.185	PV  	0.011	    656068672	6.168	6.190	
11	6.200	VB  	0.025	   1720934495	6.190	6.367	
12	6.600	BB  	0.012	     27404440	6.580	6.623	
13	16.313	BB  	0.096	    485567786	16.144	16.540	
14	17.892	BB  	0.093	    594101430	17.715	18.114	
15	19.464	BB  	0.097	    486059089	19.295	19.692	
16	21.040	BB  	0.097	    532185351	20.870	21.258	
TIC: 20250714-ks8-100-2.D\data.ms
KS8-1/100-2

Peak #	Ret Time	Type	Width	Area	Start Time	End Time	
1	1.456	PV  	0.009	    556970908	1.440	1.461	
2	1.474	VV  	0.026	   1800098649	1.461	1.600	
3	1.873	BB  	0.012	     50228024	1.854	1.908	
4	3.102	VV  	0.010	    520823240	3.088	3.108	
5	3.122	VV  	0.026	   1858279363	3.108	3.243	
6	3.521	BB  	0.012	     63006819	3.499	3.548	
7	4.678	PV  	0.009	    545474153	4.663	4.684	
8	4.698	VV  	0.028	   1817244259	4.684	4.822	
9	5.096	BB  	0.012	     59528473	5.074	5.123	
10	6.251	PV  	0.011	    456727209	6.237	6.256	
11	6.274	VV  	0.026	   1933137135	6.256	6.395	
12	6.672	BB  	0.013	     85883957	6.634	6.703	
13	16.310	BB  	0.097	    364798419	16.144	16.526	
14	17.949	BB  	0.098	    347297506	17.789	18.166	
15	19.532	BB  	0.096	    348681671	19.372	19.741	
16	21.103	BB  	0.095	    341595199	20.943	21.318	
TIC: 20250714-ks8-10-1.D\data.ms
KS8-1/10-1

Peak #	Ret Time	Type	Width	Area	Start Time	End Time	
1	1.453	PV  	0.009	    496265097	1.439	1.459	
2	1.475	VV  	0.026	   1874915594	1.459	1.596	
3	1.873	BB  	0.012	     74186769	1.854	1.903	
4	3.028	PV  	0.009	    503646048	3.014	3.034	
5	3.050	VV  	0.024	   1881122524	3.034	3.170	
6	3.449	BB  	0.013	     73640947	3.428	3.478	
7	4.610	VV  	0.011	    642457323	4.592	4.615	
8	4.624	VB  	0.025	   1701827013	4.615	4.792	
9	5.024	BB  	0.012	     24458159	5.005	5.052	
10	6.179	VV  	0.010	    475965643	6.164	6.184	
11	6.202	VV  	0.026	   1892817941	6.184	6.322	
12	6.600	BB  	0.013	     88492599	6.580	6.625	
13	16.321	BB  	0.095	    719130408	16.138	16.540	
14	17.890	BB  	0.094	    680672708	17.715	18.125	
15	19.466	BB  	0.096	    694826696	19.284	19.692	
16	21.040	BB  	0.095	    552671491	20.859	21.272	
TIC: 20250714-ks8-10-2.D\data.ms
KS8-1/10-2

Peak #	Ret Time	Type	Width	Area	Start Time	End Time	
1	1.463	PV  	0.012	    665917812	1.445	1.468	
2	1.475	VB  	0.023	   1485114854	1.468	1.646	
3	1.876	BB  	0.012	     17240688	1.857	1.908	
4	3.029	PV  	0.010	    492716925	3.007	3.035	
5	3.051	VV  	0.029	   2084477580	3.035	3.174	
6	3.449	BB  	0.013	     65410556	3.404	3.483	
7	4.611	BV  	0.011	    628037187	4.582	4.616	
8	4.625	VB  	0.029	   1848653663	4.616	4.830	
9	5.026	BB  	0.012	     26094077	4.986	5.057	
10	6.183	BV  	0.010	    563371977	6.167	6.189	
11	6.202	VV  	0.027	   1906334793	6.189	6.324	
12	6.601	BB  	0.012	     49931970	6.555	6.629	
13	19.465	BB  	0.093	    163159874	19.314	19.637	
14	21.040	BB  	0.097	    168672769	20.897	21.230	
TIC: 20250714-ks8-ks3-1.D\data.ms
KS8-KS3-1

Peak #	Ret Time	Type	Width	Area	Start Time	End Time	
1	1.457	PV  	0.010	    613034552	1.441	1.462	
2	1.475	VV  	0.025	   1762356603	1.462	1.598	
3	1.873	BB  	0.012	     39397149	1.851	1.900	
4	3.031	VV  	0.010	    592114756	3.015	3.037	
5	3.050	VV  	0.026	   1806111332	3.037	3.171	
6	3.449	BB  	0.012	     48364744	3.409	3.475	
7	4.627	PV  	0.032	   2441534439	4.591	4.746	
8	5.025	BV  	0.012	     78785914	4.978	5.052	
9	6.184	VV  	0.010	    593325606	6.168	6.189	
10	6.202	VV  	0.026	   1818970005	6.189	6.324	
11	6.600	BB  	0.012	     43311281	6.558	6.626	
TIC: 20250714-ks8-ks3-2.D\data.ms
KS8-KS3-1

Peak #	Ret Time	Type	Width	Area	Start Time	End Time	
1	1.422	BV  	0.019	     32110051	1.392	1.447	
2	1.471	VB  	0.031	   1995131102	1.447	1.635	
3	3.032	VV  	0.010	    585333586	3.011	3.038	
4	3.050	VV  	0.026	   1795502594	3.038	3.172	
5	3.449	BB  	0.012	     54133654	3.426	3.483	
6	4.611	VV  	0.012	    641935894	4.586	4.616	
7	4.625	VV  	0.026	   1693184211	4.616	4.749	
8	5.025	BB  	0.012	     29727430	5.005	5.052	
9	6.179	VV  	0.009	    463797836	6.160	6.184	
10	6.203	VV  	0.025	   1903851092	6.184	6.322	
11	6.602	BB  	0.013	    110237051	6.555	6.626	
12	17.879	BB  	0.097	    179958191	17.743	18.065	
13	19.457	BB  	0.098	    264984798	19.309	19.651	
14	21.034	BB  	0.096	    184802471	20.883	21.211	
TIC: 20250714-ks8-od-1.D\data.ms
KS8-OD1

Peak #	Ret Time	Type	Width	Area	Start Time	End Time	
1	1.453	VV  	0.009	    466847260	1.439	1.458	
2	1.475	VV  	0.026	   1951885370	1.458	1.641	
3	1.874	BB  	0.013	     89474715	1.854	1.911	
4	3.103	VV  	0.009	    561022232	3.089	3.109	
5	3.124	VB  	0.026	   1913939907	3.109	3.327	
6	3.523	BB  	0.013	     77122235	3.502	3.559	
7	4.680	VV  	0.010	    527731211	4.665	4.685	
8	4.700	VB  	0.026	   1900885699	4.685	4.891	
9	5.099	BB  	0.013	     72313388	5.076	5.134	
10	6.255	VV  	0.008	    487988562	6.240	6.260	
11	6.277	VV  	0.027	   2182086672	6.260	6.443	
12	6.676	BB  	0.013	     87365256	6.629	6.714	
TIC: 20250714-ks8-od-2.D\data.ms
KS8-OD2

Peak #	Ret Time	Type	Width	Area	Start Time	End Time	
1	1.457	VV  	0.010	    615007554	1.441	1.463	
2	1.473	VB  	0.026	   1774408130	1.463	1.646	
3	1.874	BB  	0.012	     50340501	1.854	1.911	
4	3.030	VV  	0.009	    522536543	3.015	3.035	
5	3.050	VV  	0.027	   1880102488	3.035	3.173	
6	3.449	BB  	0.013	     72303446	3.428	3.486	
7	4.606	VV  	0.010	    547889728	4.592	4.612	
8	4.626	VB  	0.024	   1887498651	4.612	4.828	
9	5.025	BB  	0.013	     71582369	5.003	5.063	
10	6.182	VV  	0.009	    526097028	6.167	6.187	
11	6.202	VB  	0.027	   1940035943	6.187	6.405	
12	6.601	BB  	0.012	     65721315	6.558	6.632	
13	16.306	BB  	0.094	    142539781	16.160	16.477	
14	21.034	BB  	0.098	    135821972	20.892	21.203	
TIC: 20250714-nc-2.D\data.ms
NC-2

Peak #	Ret Time	Type	Width	Area	Start Time	End Time	
1	1.458	PV  	0.010	    617566197	1.442	1.463	
2	1.473	VV  	0.023	   1739298220	1.463	1.597	
3	1.873	BB  	0.012	     31038619	1.851	1.909	
4	3.028	PV  	0.009	    496747279	3.014	3.034	
5	3.050	VV  	0.027	   1914113734	3.034	3.170	
6	3.449	BV  	0.013	     83691579	3.428	3.475	
7	4.607	PV  	0.009	    545659273	4.592	4.613	
8	4.626	VV  	0.026	   1807887271	4.613	4.749	
9	5.025	BB  	0.012	     49442077	4.981	5.049	
10	6.181	PV  	0.010	    489584536	6.166	6.186	
11	6.202	VV  	0.027	   1896261032	6.186	6.322	
12	6.601	BV  	0.012	     73272404	6.561	6.625	
13	16.334	BB  	0.098	   1117074837	16.130	16.581	
14	17.902	BB  	0.093	    990153334	17.702	18.139	
15	19.483	BB  	0.097	   1126273475	19.279	19.719	
16	21.064	BB  	0.098	    994569056	20.856	21.296	
